image: map.pgm
resolution: 0.005000
origin: [-51.224998, -51.224998, 0.000000]
width: 1024
height: 1024
negate: 0
occupied_thresh: 0.65
free_thresh: 0.196

